Panic: 2021/06/17 05:49:00 htmlutils.go:28: template: view_completed_jobs.gohtml:64:25: executing "view_completed_jobs.gohtml" at <.>: range can't iterate over {Requested List sook map[f7f396a4-f76c-4cde-a414-a42d6f15baa9:{f7f396a4-f76c-4cde-a414-a42d6f15baa9 1.33458 103.84903 Bishan 6 sook6666 collector true} pickup_004:{pickup_004 4 3 ang mo kio sook6666 testcol true}] }
Panic: 2021/06/17 05:51:01 htmlutils.go:28: template: user_pickup_list.gohtml:67:25: executing "user_pickup_list.gohtml" at <.>: range can't iterate over {Requested List sook map[00d7f17c-679f-4dcf-97eb-a494692e940a:{00d7f17c-679f-4dcf-97eb-a494692e940a 1.33458 103.84903 Singapore sook6666 testcol false} 0824afb7-13d4-468d-81d0-77b542ffb37d:{0824afb7-13d4-468d-81d0-77b542ffb37d 11.0123 12.89 Marine Parade sook6666 testcol false} 1903693c-e188-4687-b528-73d2b2004c65:{1903693c-e188-4687-b528-73d2b2004c65 1.33458 103.84903 Singapore sook6666 testcol false} 21693f18-c02a-4043-b0e3-886ca77108be:{21693f18-c02a-4043-b0e3-886ca77108be 11.0123 12.89 Marine Parade 1 sook6666 testcol false} 2800335f-f847-4d2f-9123-51c122616eb9:{2800335f-f847-4d2f-9123-51c122616eb9 0 12.89 Here sook6666 testcol false} 29e287c6-249d-45e5-961d-b7e838adb0ae:{29e287c6-249d-45e5-961d-b7e838adb0ae 1.33221 103.77466 Marine Parade 1 sook6666 testcol false} 2e781b6f-bc07-471d-a9dd-b4be1d15a87f:{2e781b6f-bc07-471d-a9dd-b4be1d15a87f 11.0123 12.89 Marine Parade 1 sook6666 testcol false} 2f06eccc-aa76-41b5-8fdb-1fd7e4c1f9b1:{2f06eccc-aa76-41b5-8fdb-1fd7e4c1f9b1 11.0123 12.89 Marine Parade 1 sook6666 testcol false} 3517cbe1-5a9a-4f3c-9a1d-bd3211efe6ff:{3517cbe1-5a9a-4f3c-9a1d-bd3211efe6ff 0 0  sook6666 testcol false} 3dd3afc2-be8a-41bc-9609-55c6c4c86c8b:{3dd3afc2-be8a-41bc-9609-55c6c4c86c8b 11.0123 12.89 Marine Parade 1 sook6666 testcol false} 80200e64-b242-4e74-909b-fd8fff44ef79:{80200e64-b242-4e74-909b-fd8fff44ef79 1.33458 103.84903 456 Ang Mo Kio sook6666 dummy false} 881e7ecc-2270-4837-ad0c-204056ce9c8a:{881e7ecc-2270-4837-ad0c-204056ce9c8a 1.33458 103.84903 Bishan Sook 2 sook6666 testcol false} 9ac2168d-1692-4f03-9629-b4408274f6e1:{9ac2168d-1692-4f03-9629-b4408274f6e1 1.33458 103.84903 456 Abg Mo KIo sook6666 dummy false} 9af673c2-0f98-4882-99d2-acba8fae13cd:{9af673c2-0f98-4882-99d2-acba8fae13cd 1.33458 103.84903 Bishan 3 sook6666 testcol false} a2029a16-3877-404b-ba35-21883f4d2839:{a2029a16-3877-404b-ba35-21883f4d2839 0 0 Bishan sook1 sook6666 testcol false} a5e89050-9fd3-430d-ae38-45176782d751:{a5e89050-9fd3-430d-ae38-45176782d751 1.33458 103.84903 Singapore sook6666 testcol false} a7d05627-37a0-41e4-929b-7ebf8dd97fcf:{a7d05627-37a0-41e4-929b-7ebf8dd97fcf 1.33458 103.84903 Bishan sook 4 sook6666 testcol false} b13fba77-36cc-45bb-80a0-1b306d977258:{b13fba77-36cc-45bb-80a0-1b306d977258 1.33458 103.84903 Bishan sook 5 sook6666 collector false} c200e534-aaad-458a-8f8e-80c9076e53a0:{c200e534-aaad-458a-8f8e-80c9076e53a0 11.0123 12.89 Marine Parade 1 sook6666 testcol false} ee00dbfb-04f3-4912-8831-96f5878e88fe:{ee00dbfb-04f3-4912-8831-96f5878e88fe 1.33458 103.84903 Bishan sook1 sook6666 testcol false} f719dae9-b38f-46ca-92bf-0bff3ebc33fa:{f719dae9-b38f-46ca-92bf-0bff3ebc33fa 1.33221 103.77466 Block 151 Tampines Street 11 sook6666 dummy false} fb214d1c-d2ca-40b3-ac23-e6a6de553117:{fb214d1c-d2ca-40b3-ac23-e6a6de553117 0 0  sook6666 testcol false} pickup_001:{pickup_001 1 2 ang mo kio sook6666 testcol false} pickup_002:{pickup_002 2 3 ang mo kio sook6666 testcol false} pickup_003:{pickup_003 4 3 ang mo kio sook6666 testcol false}] }
